60	20	0.63	46	4	800	18	900	3	485	0	0	33	concentric
45	45	0.46	20	4	800	12	1300	4	512	0	0	112	Plus
30	30	0.39	17	4	800	16	800	4	374	0	0	47	Rectagonal
30	30	0.38	9	4	800	15	900	4	371	0	0	51	I-map
30	30	0.46	26	4	800	7	1500	0	0	3	463	21	T-map
35	35	0.38	11	4	800	15	1300	0	0	4	300	47	Plus
45	45	0.4	51	4	800	13	1450	3	285	0	0	47	Conc.full
45	45	0.45	48	4	800	14	1500	4	572	0	0	89	boxes
20	20	0.33	16	4	800	6	1200	3	532	0	0	17	Eggre
20	20	0.43	29	4	800	6	1200	0	0	4	470	9	Wormhole
20	113	0.32	17	6	1200	31	3350	0	0	2	167	121	L.Sinus
35	35	0.48	12	4	800	17	1550	3	230	0	0	92	Four
30	30	0.38	13	4	800	13	1550	1	128	0	0	48	Five
30	30	0.62	47	6	1200	21	2200	0	0	9	805	44	Areas
20	50	0.33	10	4	800	15	1500	0	0	1	32	62	Random
40	40	0.48	33	4	800	20	1800	3	452	0	0	70	slant
50	50	0.48	67	4	800	17	2000	4	339	0	0	91	Anticircles
30	30	0.45	40	6	1200	21	2100	0	0	6	509	24	Block
50	50	0.38	7	4	800	21	2050	0	0	12	1155	100	I-map
40	40	0.49	58	4	800	17	1550	0	0	5	386	54	anti-circles
20	20	0.45	21	4	800	10	950	3	383	0	0	15	areas
30	30	0.43	10	4	800	11	2100	0	0	8	1288	27	I-map
50	50	0.4	41	4	800	17	2200	0	0	6	600	69	L.sinus
30	30	0.5	13	4	800	20	1075	0	0	3	112	41	Plus
30	30	0.43	32	4	800	20	1075	4	416	0	0	32	L.sinus
40	40	0.31	19	4	1200	22	2925	0	0	9	1194	65	Untangle
20	20	0.47	37	4	800	11	900	3	383	0	0	19	wormhole
35	35	0.46	14	4	800	17	1882	0	0	3	310	81	Plus
35	35	0.44	12	4	800	19	1662	0	0	2	200	109	I-map
35	35	0.34	17	4	800	17	1896	0	0	1	55	82	Net
35	35	0.44	14	4	800	17	1900	0	0	9	1000	30	Checkers
35	35	0.42	25	4	800	17	1914	2	145	0	0	55	slant
50	50	0.36	40	4	800	20	2300	0	0	2	128	86	Diamonds
40	40	0.37	46	4	1200	18	2470	3	541	0	0	66	anti circ
20	40	0.54	29	6	600	16	1400	2	27	0	0	39	T-map
50	50	0.38	38	4	800	22	2300	0	0	5	440	118	Egg
50	50	0.2	17	4	800	22	2300	1	5	0	0	114	Net
40	40	0.62	47	4	800	18	2400	0	0	3	300	109	Areas
50	50	0.35	50	4	800	18	2200	3	268	0	0	88	conc.full
20	60	0.46	36	4	400	11	1150	0	0	4	350	59	Snowflake
35	35	0.51	18	4	800	17	2030	0	0	6	682	62	Plus
35	35	0.48	18	4	800	18	1916	0	0	5	470	58	Checkers
35	35	0.43	14	4	800	18	1916	3	156	0	0	95	Dash
35	35	0.41	31	4	800	17	2066	1	16	0	0	75	egg
30	30	0.45	23	4	800	16	1600	0	0	4	378	29	diamond
20	40	0.41	23	6	600	15	1600	0	0	2	200	45	boxes
40	40	0.4	27	4	800	21	2150	0	0	3	251	123	slant
30	30	0.5	44	4	800	21	1050	1	14	0	0	30	Rectag
35	35	0.4	22	4	800	17	2100	0	0	4	304	48	Slant
50	50	0.36	57	4	800	19	1950	4	198	0	0	84	Untangle
30	30	0.48	29	4	800	22	1125	0	0	2	44	58	l.sinus
30	30	0.41	28	4	800	22	1125	2	64	0	0	41	L.sinus
30	30	0.37	12	4	800	22	1125	2	167	0	0	64	Plus
40	40	0.35	49	4	800	16	1700	3	383	0	0	69	conc.full
40	40	0.31	26	6	600	21	2150	0	0	4	426	76	slant
35	35	0.36	29	4	800	17	2082	3	505	0	0	63	L.sinus1
30	30	0.47	61	4	800	18	875	0	0	8	350	16	anticircles
35	35	0.52	59	4	800	12	2200	0	0	5	643	34	circles
20	20	0.47	33	4	800	10	1150	4	585	0	0	22	circles
20	40	0.3	17	6	600	14	1800	0	0	8	1083	15	untangle
35	35	0.33	29	4	800	19	1696	4	303	0	0	52	boxes
35	35	0.36	44	4	800	17	1414	4	448	0	0	36	rooms
35	35	0.41	35	4	800	17	2032	4	370	0	0	36	T-Map
30	30	0.44	49	4	800	21	875	2	218	0	0	29	Diamonds
30	30	0.55	116	4	800	14	750	0	0	1	14	21	circles
40	40	0.39	43	4	800	20	1800	0	0	11	994	28	conc.full
30	30	0.51	68	4	800	18	925	4	503	0	0	22	anticircles
40	40	0.5	58	4	800	19	1850	0	0	8	705	40	wormhole
35	35	0.48	63	4	800	15	1650	4	364	0	0	56	Untangle
30	30	0.49	58	4	800	19	1025	0	0	9	550	25	anticircles
35	35	0.68	166	4	800	11	1280	3	354	0	0	36	concentric
20	40	0.58	144	6	600	10	950	3	272	0	0	13	circles
30	30	0.49	59	4	800	20	975	2	356	0	0	43	anticircles
30	30	0.46	38	4	800	24	1200	0	0	8	322	27	T-map
35	35	0.5	14	4	800	19	2332	2	105	0	0	99	plus
40	40	0.5	11	4	800	21	2766	3	272	0	0	99	four
20	40	0.48	68	4	1200	16	1600	4	978	0	0	46	circles
50	50	0.22	18	4	1200	36	3700	0	0	17	1562	54	Net
50	50	0.42	66	4	1200	36	1975	3	297	0	0	107	anti circ
50	50	0.44	32	4	1200	50	2725	0	0	19	1008	127	L.sinus
50	50	0.52	156	4	1200	25	1680	3	421	0	0	80	concentric
40	40	0.62	27	4	800	25	2446	3	114	0	0	65	random
20	75	0.39	25	4	800	33	1575	0	0	2	63	111	Plus
50	50	0.49	9	4	800	30	3146	0	0	13	1300	98	I-map
20	60	0.38	49	4	800	19	1520	3	340	0	0	50	Conc.full
50	50	0.55	41	4	800	29	3264	0	0	16	1689	57	T-map
30	30	0.43	23	4	800	23	1500	4	214	0	0	53	l.sinus
40	40	0.44	37	4	800	24	2564	4	188	0	0	72	conc.full
50	50	0.62	61	4	1200	43	2910	0	0	1	60	117	concentric
50	50	0.4	30	4	800	31	3346	0	0	23	2179	35	Slant
35	35	0.47	32	4	800	22	2578	4	435	0	0	77	snowflake
35	35	0.67	79	4	800	19	2130	2	166	0	0	65	Areas
40	40	0.39	36	4	800	25	2646	0	0	2	150	114	Eggre
35	35	0.64	58	4	800	22	2666	2	169	0	0	93	Areas
35	35	0.54	34	4	800	23	2666	0	0	13	1316	39	Snowflake
40	40	0.37	39	4	800	25	2548	0	0	8	954	49	snowflake
40	40	0.48	57	4	800	23	2648	0	0	6	758	49	Boxes
35	35	0.44	28	4	800	24	2648	0	0	10	982	37	Slant
35	35	0.55	103	4	800	18	1746	4	83	0	0	64	Areas
35	35	0.39	30	4	1200	16	4350	0	0	7	1344	68	Rectagon.
35	35	0.49	73	4	1200	8	2200	4	637	0	0	29	wormhole
35	35	0.56	45	4	1200	11	3200	0	0	6	1344	38	Concent
35	35	0.47	55	4	1200	10	2850	0	0	5	1009	33	wormhole
35	35	0.38	33	4	1200	9	3250	0	0	2	1138	73	boxes
35	35	0.39	35	4	1200	9	3550	0	0	4	1411	36	boxes
35	35	0.5	67	4	1200	11	1899	4	758	0	0	59	wormhole
35	35	0.37	37	4	800	12	2099	1	52	0	0	59	L.sinus1
35	35	0.42	13	4	800	15	3699	0	0	10	2510	35	Checkers
35	35	0.38	36	4	800	14	3533	0	0	10	2174	22	boxes
35	35	0.31	14	4	800	13	2666	0	0	5	1195	24	Net
35	35	0.34	36	4	800	13	2966	0	0	4	520	60	T-map
